-0.638994
-0.423114
-0.470073
-0.432203
-0.695547
-0.495935
-0.47397
-0.433653
-0.617516
-0.691271
-0.103766
0.37522
-0.0849505
-0.427461
-0.483287
-0.552001
-0.500226
-0.645035
0.726558
-0.275224
0.0211092
-0.508186
-0.801694
-0.618093
-0.625514
-0.519896
0.687639
-0.496183
0.710643
0.655567
0.53334
-0.24925
-0.54218
-0.70817
-0.595659
-0.597567
-0.522796
0.446776
0.449912
-0.0262899
-0.451938
-0.413289
-0.520311
-0.477648
-0.631041
-0.000423371
0.407913
0.354164
-0.23789
-0.646925
-0.443509
-0.579201
-0.484364
-0.517138
0.305407
0.272967
0.243132
0.116682
-0.343409
-0.439311
-0.610407
-0.586923
0.223483
0.290077
-0.0202224
0.150348
-0.39235
-0.642905
-0.578293
-0.694755
-0.651376
0.114954
0.181699
0.415069
0.146548
-0.319977
-0.522069
-0.228953
-0.260064
-0.250105
-0.175097
-0.137683
-0.247238
-0.465235
-0.392254
0.374129
0.432579
0.387434
-0.163329
-0.305888
-0.636656
-0.441334
-0.452914
-0.488987
-0.662678
-0.480207
-0.477521
-0.457874
-0.687521
-0.804448
-0.485554
-0.391971
-0.400463
1.94205
0.243841
0.156141
-0.430264
-0.819658
-0.628454
-0.441478
-0.344514
-0.156059
0.951848
0.769215
0.651342
-0.35467
-0.611193
-0.762875
-0.493564
-0.201899
0.053939
0.0731725
0.181611
0.0664299
-0.484201
-0.783752
-0.863869
-0.522547
-0.269758
0.125286
0.976014
0.645401
0.364359
-0.497037
-0.871547
-0.948586
-0.534535
-0.0763217
0.00401273
0.506331
0.491762
-0.202053
-0.779078
-0.987841
-0.451251
-0.413504
-0.281578
-0.167481
1.15585
0.157498
0.131498
-0.404969
-0.46169
-0.495529
-0.503877
-0.403865
-0.500961
-0.178491
-0.254352
0.0016899
-0.471722
-0.479305
0.166993
-0.584572
-0.406859
-0.311143
1.18016
0.0222362
-0.0703731
-0.530204
0.159323
-0.51858
-0.727772
-0.701099
-0.593265
-0.281824
-0.0375943
-0.00703084
-0.551487
-0.481304
-0.293836
-0.349096
-0.285557
-0.470177
-0.0863218
-0.394934
-0.0670547
-0.342893
-0.281426
-0.507362
-0.439509
-0.394191
-0.513628
-0.47183
-0.533662
-0.430233
-0.535108
-0.532237
-0.338506
-0.462359
-0.519827
-0.426007
0.336044
0.209818
0.345896
-0.180999
-0.386889
-0.467953
-0.445449
-0.0028185
-0.374712
-0.283962
-0.704515
-0.688893
-0.727667
-0.525025
-0.560104
-0.463591
-0.466344
-0.490174
-0.727113
-0.538942
-0.549562
-0.578118
-0.632949
-0.54839
-0.445733
-0.502419
-0.527008
-0.833007
-0.603842
-0.534642
-0.473844
-0.599452
-0.20587
-0.134477
-0.13925
-0.109363
-0.425776
-0.725129
-0.63474
-0.692302
-0.510675
-0.0969321
-0.00367181
-0.0814107
-0.105864
-0.407694
-0.644576
-0.500644
-0.49518
-0.204423
-0.328636
-0.0226261
0.536402
-0.371624
-0.648991
-0.513696
-0.511495
0.0732508
-0.0592655
-0.446589
0.415506
0.328107
-0.210416
-0.695928
-0.578539
-0.598787
-0.351885
-0.471613
0.29149
0.453037
0.501286
-0.11048
-0.179196
-0.400688
0.0801632
0.234822
0.306483
0.218557
0.307607
0.325025
-0.37986
-0.693812
-0.555279
-0.0226263
0.100436
0.088784
-0.144102
0.643813
0.561948
0.399298
-0.182546
-0.189579
-0.35282
-0.227259
-0.222245
-0.318357
-0.241222
-0.136503
-0.359054
-0.476212
-0.299054
-0.365092
-0.137692
-0.390476
0.400366
0.504106
0.526295
-0.211047
-0.579866
-0.343813
0.250223
0.460747
0.36967
0.132201
-0.183922
-0.468444
-0.543249
-0.628022
-0.496712
-0.0317841
0.527449
0.115715
-0.375366
-0.315381
-0.324282
-0.357091
-0.448709
-0.30659
-0.238646
-0.10479
-0.452157
-0.519228
-0.381479
-0.384901
0.0214293
0.57242
0.512144
0.227277
-0.103782
-0.567757
0.151221
-0.351852
-0.386884
-0.472939
-0.502711
-0.406882
0.311441
0.48208
0.0914309
-0.220672
-0.515441
-0.244355
-0.160117
0.700467
0.485127
0.786189
0.378311
0.0806015
-0.633299
-0.322844
-0.16902
0.0818598
0.860475
0.7311
0.0550438
-0.450192
-0.673364
-0.750714
-0.322483
-0.0370836
-0.0175823
0.56624
0.711823
-0.127642
-0.565197
-0.77368
-0.651834
-0.465837
-0.362001
-0.162438
0.701976
0.853215
0.367207
-0.374051
-0.623066
-0.783706
-0.442815
-0.418392
-0.352186
0.663946
0.711943
0.286707
-0.613322
-0.778915
-0.355668
-0.480976
-0.375222
-0.320536
0.14284
0.304406
0.0769779
-0.309503
-0.20681
-0.645069
-0.599593
-0.621008
-0.488653
-0.180315
0.113169
-0.0651823
-0.48184
-0.608765
0.269354
-0.462163
-0.367309
-0.348239
0.768782
1.17393
0.932628
-0.0125775
0.494709
-0.55952
-0.628448
-0.583856
-0.52086
0.316165
0.0929051
-0.141014
-0.589597
-0.49367
-0.0693101
-0.560625
-0.575216
-0.484743
0.143868
-0.050315
-0.233969
-0.541271
-0.0797486
-0.50855
-0.377663
-0.21588
-0.477363
-0.746099
-0.639552
-0.636656
-0.562071
-0.500506
-0.663723
-0.366374
-0.102415
-0.455819
2.15217
-0.00417848
-0.0733454
-0.670306
-0.711256
-0.459916
-0.0412423
-0.0274226
-0.257251
-0.646857
-0.720063
-0.685983
-0.558135
-0.664132
-0.494922
-0.194925
-0.0282914
-0.240829
-0.764527
-0.666665
-0.601265
-0.522823
-0.624557
-0.411445
-0.310043
-0.0641189
-0.161295
-0.559283
-0.599118
-0.512196
-0.486149
-0.55395
-0.605105
-0.0359492
-0.0297313
-0.0723508
-0.439387
-0.749683
-0.649472
-0.55817
-0.735624
-0.651735
-0.304749
0.0217458
-0.0418806
-0.395231
-0.69155
-0.594697
-0.545724
-0.709929
0.00777921
0.165621
0.373634
0.0282299
-0.13933
-0.140616
0.346592
0.497759
0.203477
-0.063928
-0.205196
-0.351473
-0.522131
-0.803665
-0.38146
0.132554
0.247311
0.0499661
0.282903
-0.276424
-0.346356
-0.372674
-0.567789
-0.105717
0.652661
0.655593
0.311794
0.148278
-0.48196
-0.584992
-0.695356
-0.800894
-0.124083
0.433762
0.837147
0.17911
0.320083
0.129438
-0.291882
-0.27204
-0.493249
-0.173733
0.458079
0.600677
0.339569
0.166162
-0.0993831
-0.402
-0.425082
-0.572069
-0.389633
0.134543
0.396183
0.122387
0.244938
-0.0892434
-0.192592
-0.280674
0.103442
0.64552
0.82441
0.870906
0.29246
-0.247241
-0.208982
-0.509703
-0.42055
-0.454058
-0.158694
0.393452
0.218129
-0.199175
0.193721
-0.170603
-0.204086
-0.299507
-0.44364
-0.225268
0.43215
0.450151
0.229791
-0.128144
-0.429565
-0.0942246
0.0711832
0.0308766
0.125189
0.646108
0.666841
0.340319
-0.200475
-0.166033
-0.267489
-0.274708
-0.530388
-0.269683
0.381689
0.482061
0.114978
-0.191485
-0.346774
-0.258985
-0.256028
-0.328112
-0.180239
0.573827
0.60496
0.29182
-0.570767
-0.533109
-0.456091
-0.132077
0.515475
0.734898
0.856704
0.148258
-0.375723
-0.694017
-0.52483
-0.517845
-0.21673
0.518643
0.659718
0.617343
-0.305283
-0.661067
-0.579843
-0.525298
-0.488389
-0.278831
-0.070018
0.177857
0.781539
0.131908
-0.404668
-0.660587
-0.579106
-0.605638
-0.229996
0.20814
0.641451
0.60785
0.235964
-0.62624
-0.56276
-0.503757
-0.525487
-0.367961
0.227873
0.5644
0.754155
-0.409632
-0.592752
-0.694178
-0.542971
-0.402947
-0.183675
-0.257144
-0.0902265
-0.144545
-0.626826
-0.72241
-0.614239
-0.542182
-0.570319
-0.249183
0.237263
1.31184
1.22558
0.755097
-0.641104
-0.706277
-0.474506
-0.409476
-0.181677
-0.323653
-0.124413
0.266916
-0.467126
-0.713959
-0.623298
-0.286015
-0.0721611
-0.203271
0.635801
-0.11007
-0.480713
-0.604888
-0.656425
-0.567983
-0.036172
-0.0479457
-0.254466
-0.667462
-0.623518
-0.626143
-0.538538
-0.619689
0.344327
-0.296031
-0.10746
-0.189552
0.918697
-0.226951
-0.512287
-0.531466
0.376218
0.49128
-0.284589
-0.113187
-0.167684
-0.694874
-0.642454
-0.662075
-0.573513
0.497516
-0.540399
-0.00660886
0.075886
-0.00114373
-0.33079
-0.621758
-0.610538
-0.473916
-0.613224
-0.585744
-0.408492
-0.0259189
0.00407896
-0.428497
-0.624063
-0.568566
-0.453486
-0.612114
1.27443
-0.392864
-0.0236026
-0.124932
-0.482683
-0.648077
-0.638415
-0.594951
1.24969
0.0189296
-0.505818
-0.325913
-0.364298
-0.832247
-0.734207
-0.651518
-0.55174
-0.0225832
0.401673
-0.209595
-0.260601
-0.480669
-0.681994
-0.434515
0.0297959
0.57426
0.38325
0.324035
-0.331899
-0.319505
-0.651668
-0.363017
0.369056
0.727248
1.1466
0.456586
0.357937
-0.263113
-0.275287
-0.436347
-0.260244
-0.435072
-0.395129
-0.394698
0.00589769
0.220679
-0.448684
-0.528399
-0.701168
-0.766074
-0.437088
-0.273199
-0.231915
-0.006204
0.262363
-0.110656
0.125559
-0.228349
0.245988
0.596899
0.871667
0.837233
0.314815
-0.375292
-0.36684
-0.496786
-0.407781
-0.396171
-0.100021
0.27406
0.324043
-0.260446
0.216351
-0.187654
-0.128259
-0.333806
-0.351857
-0.180764
0.254928
0.268956
0.1585
-0.206436
-0.231704
-0.40148
-0.429037
-0.582634
-0.331949
0.0682142
0.193087
-0.0964594
-0.324264
-0.150583
-0.280211
-0.262444
-0.505167
-0.14587
0.548018
0.606119
-0.0386785
-0.281413
-0.114992
-0.175209
-0.416279
-0.45479
-0.151348
0.624486
0.609355
-0.124037
0.120449
0.321521
0.0243677
-0.148156
-0.443435
-0.0286933
0.378638
0.575927
0.336999
-0.224319
0.222199
0.0151049
-0.268539
-0.196503
0.0920825
0.508237
0.513082
-0.0671141
-0.49617
-0.255354
-0.366137
-0.421251
-0.455353
-0.271614
0.565313
0.328329
-0.400452
-0.496955
-0.319938
-0.442852
-0.368601
-0.236042
0.275602
1.02706
1.04674
-0.448806
-0.555006
-0.187566
-0.22459
-0.502548
-0.534397
-0.333302
0.142629
0.225184
-0.60909
0.0681596
0.675368
0.434238
-0.455371
-0.563082
-0.397033
0.946866
0.601252
-0.306583
-0.628696
-0.496229
-0.528266
-0.485211
-0.527087
0.103544
0.71517
0.29501
-0.616387
-0.61514
-0.494861
-0.551907
-0.453441
-0.435993
-0.0137148
0.626035
-0.195683
-0.587336
0.171352
0.410997
-0.135719
-0.519427
-0.639485
-0.25849
0.854316
0.823245
-0.11364
0.172236
-0.0378758
-0.343437
-0.430856
-0.465361
0.130992
0.81097
0.692087
0.20981
-0.525008
-0.381661
-0.0928109
-0.379522
-0.546547
-0.234289
-0.219625
-0.385772
-0.443562
-0.631152
-0.415275
-0.0869446
-0.135651
-0.584331
-0.619029
-0.575752
-0.508991
-0.583793
0.179472
-0.0335807
-0.144839
-0.316248
-0.479204
0.461045
0.933866
0.642836
0.526989
-0.33214
-0.0889279
-0.13141
-0.123804
-0.39691
-0.340678
0.68279
0.604715
0.080906
-0.320077
-0.36189
0.133011
0.0895932
0.0309911
-0.567556
-0.421214
-0.42526
-0.333455
-0.514197
-0.468195
-0.458718
-0.474999
-0.717475
-0.623296
-0.528061
-0.453735
-0.545499
0.47997
0.29821
0.291683
0.212189
0.684511
-0.0440956
1.02584
0.869268
0.922184
-0.47501
-0.475457
-0.588993
-0.690092
-0.517832
-0.582757
-0.509116
-0.442332
-0.503654
-0.359088
-0.203695
-0.172992
-0.277462
0.116071
0.409652
0.444652
-0.189382
-0.429498
-0.480208
-0.394079
-0.500027
-0.602518
-0.816849
-0.525632
-0.499425
-0.425872
-0.489853
-0.0936587
0.512231
0.143055
-0.180983
0.0912765
0.402722
0.409019
0.0166864
-0.22463
0.358224
0.407401
0.451087
-0.109835
-0.50879
-0.176461
-0.242565
-0.196885
-0.0142269
-0.124673
-0.0330895
0.0127707
-0.202576
-0.393687
-0.1826
-0.159024
-0.0170337
-0.108626
0.306478
0.589003
0.4785
-0.0527427
-0.385377
-0.334544
0.00444927
0.120353
0.0273724
0.191684
0.417438
0.480968
0.151292
-0.156916
-0.0153853
-0.190918
-0.0588053
-0.0180371
0.313046
0.474878
0.441139
-0.0443219
-0.206152
-0.132269
-0.443767
-0.292504
0.0499603
0.031789
0.319401
0.316696
-0.141352
-0.318737
-0.160005
0.112924
0.140831
0.0482688
-0.169026
0.282354
0.213929
-0.137976
-0.167758
0.0873543
-0.114207
0.0126872
-0.151796
-0.00356799
0.20855
0.178659
-0.216288
-0.201455
-0.161051
-0.404306
-0.265685
-0.167586
-0.111405
0.507214
0.566253
0.40931
0.0977032
0.00623546
-0.361969
-0.247205
-0.150639
-0.36141
0.236059
0.531704
-0.317246
-0.494427
-0.342628
-0.338532
-0.268489
-0.484239
0.248222
0.945222
0.490294
-0.383592
-0.616662
-0.482904
0.0145347
0.0591812
-0.296881
-0.171992
0.461169
0.643264
0.383674
-0.390898
-0.500466
-0.529897
-0.399646
-0.417052
-0.0957057
0.795926
0.646999
-0.160444
-0.540502
-0.594038
-0.615501
-0.410327
-0.350093
0.502069
0.775297
0.392407
-0.433613
-0.642976
-0.450543
0.283788
0.300889
0.250202
0.407962
0.394375
-0.208667
-0.336805
-0.506955
0.111749
0.820511
0.841484
0.385029
-0.199459
0.285001
0.223967
-0.500327
-0.670815
-0.579919
-0.554783
-0.439998
-0.491469
-0.473552
-0.180692
-0.29255
-0.355291
-0.345365
-0.263273
-0.208287
-0.128696
-0.363122
-0.34085
-0.0498805
-0.118731
-0.255585
-0.382915
0.202233
0.923875
0.820836
0.209272
-0.406832
-0.119119
-0.127327
-0.420198
-0.567285
-0.265563
0.684725
0.657402
-0.225671
-0.631708
-0.137986
-0.300766
-0.440886
-0.274418
-0.0371249
0.418668
0.14336
-0.400302
-0.70468
-0.476247
-0.684123
-0.716194
-0.607518
-0.233504
0.692796
0.66229
-0.466018
-0.163472
-0.0879982
-0.119017
-0.384376
-0.431476
-0.433623
1.13152
0.378073
-0.200154
-0.603477
-0.548392
-0.620684
-0.691606
-0.893172
-0.580788
-0.302893
-0.362752
-0.552084
-0.502352
-0.577214
-0.657912
-0.749369
-0.850432
0.0666809
1.32138
1.33806
-0.0757337
-0.43815
-0.562551
-0.638156
-0.727703
-0.793628
0.0857655
1.37551
0.885849
-0.0144263
-0.13791
0.197159
-0.156264
-0.141946
0.0530391
0.310024
0.358667
-0.0636531
-0.310946
-0.0417353
0.0774377
0.0630032
-0.349038
-0.517884
-0.295006
-0.131499
-0.256889
-0.105108
-0.00263011
0.0235686
-0.298727
-0.16091
0.0705893
0.199364
0.37544
0.08697
-0.22381
0.0219925
0.0733169
-0.259793
-0.280671
-0.272088
-0.0254741
0.135204
-0.0317538
-0.0581109
0.228707
0.398005
0.456109
0.138199
-0.200614
-0.167935
-0.206744
-0.0340351
0.122052
0.0139725
0.21027
0.0719679
-0.221171
-0.302628
-0.282184
-0.349618
-0.18129
-0.030878
0.542007
0.204032
0.201107
0.0882447
-0.161762
0.0322788
0.168581
0.258109
0.369231
0.350254
0.164472
-0.0396114
-0.0687098
-0.332973
-0.369075
-0.302287
0.0342875
0.222021
-0.128922
0.0435874
-0.189903
-0.344118
-0.526458
-0.449411
-0.460178
-0.228464
-0.258707
-0.230908
0.178044
0.627816
0.487831
-0.164605
-0.414676
-0.547197
-0.35362
-0.323409
-0.0722517
0.129576
0.476479
0.112629
-0.338838
-0.373229
-0.466566
-0.024532
-0.095117
-0.247851
0.251115
0.651836
0.50389
0.161851
-0.339508
-0.582798
-0.19257
-0.228892
-0.235444
0.390728
0.94045
0.764603
0.161456
-0.409984
-0.515483
-0.497402
-0.452907
-0.342264
-0.0361872
0.950352
0.0865648
-0.276117
-0.59257
-0.616766
-0.550277
-0.6267
-0.295646
0.156262
1.08207
1.07808
0.410741
-0.402331
-0.605602
-0.544061
-0.494605
-0.611527
-0.139712
-0.0865368
-0.132954
-0.299459
-0.57292
-0.652181
-0.621184
-0.768263
0.491662
0.247411
0.892114
0.436645
0.478203
-0.264755
-0.29854
-0.0924405
0.378331
-0.115979
-0.252548
-0.127781
-0.07047
0.717177
-0.173073
-0.0688374
-0.17522
0.0615824
-0.165545
-0.232513
-0.120856
-0.00302634
0.173884
-0.539209
-0.592034
-0.521315
-0.299123
-0.499399
-0.52447
-0.244598
-0.138655
-0.0563292
-0.582578
-0.421369
-0.444579
-0.523867
-0.505123
-0.397862
-0.287181
-0.263315
-0.146047
-0.000704539
0.216905
0.211416
-0.242613
-0.571018
-0.566685
-0.631457
-0.624574
-0.254071
0.211887
1.6222
1.57899
-0.443441
-0.518549
-0.582508
-0.566307
-0.273626
-0.215512
-0.253098
-0.151985
-0.183521
-0.361531
-0.583197
-0.607745
-0.690201
-0.689054
-0.590539
-0.471033
-0.0787388
-0.466623
-0.55689
-0.529673
-0.600639
-0.668371
-0.725706
-0.824048
0.107586
1.20912
0.880526
-0.00054022
-0.403594
-0.553264
-0.611954
-0.713552
-0.685159
0.428978
1.29303
1.28379
0.0640116
-0.66359
-0.63451
-0.729713
-0.784406
-0.87893
-0.513461
0.27309
-0.293567
-0.514271
-0.519243
-0.557885
-0.663448
-0.793094
-0.716388
0.39263
1.04807
0.791103
0.0351423
0.227493
-0.00072967
-0.381991
-0.0157209
0.0413156
0.181444
0.735453
-0.181046
0.207879
0.106789
0.170316
-0.504332
-0.261658
-0.131532
0.338529
0.540201
0.500168
0.107963
-0.629535
-0.474534
-0.447613
-0.439105
-0.708557
-0.338356
-0.205628
-0.504626
-0.651424
-0.711112
-0.607133
-0.655299
-0.577236
-0.641596
-0.256837
0.408278
0.407933
-0.548032
0.210763
-0.0933717
-0.426023
-0.40691
-0.41852
-0.273764
0.607985
0.566919
0.2068
0.0984465
0.215357
-0.256998
-0.448586
-0.557587
-0.593041
-0.0935392
0.206591
0.0521967
-0.470189
-0.44601
-0.532676
-0.448926
-0.53931
-0.367861
0.356272
0.40037
-0.134355
-0.15374
-0.0402692
0.276346
-0.193846
-0.593767
-0.571169
0.227731
0.245569
0.0785099
-0.0696421
0.300437
0.484789
0.30505
-0.250327
-0.373504
-0.510521
-0.0875869
-0.128884
-0.256911
0.195588
0.638845
0.731754
0.309432
-0.305897
-0.603624
-0.27994
-0.259497
-0.361165
0.142835
0.468349
0.359124
-0.38058
-0.455583
-0.515651
-0.361348
-0.466816
-0.757681
-0.251028
0.922409
0.561649
-0.0401806
-0.300453
-0.613586
-0.633177
-0.794017
-0.508957
0.118047
1.24653
1.47177
1.2509
-0.0341727
-0.567353
-0.538058
-0.500611
-0.74459
-0.294518
-0.032352
-0.0784245
-0.201232
-0.456295
-0.631855
-0.650292
-0.771053
-0.687701
-0.216906
0.77786
0.700711
0.264139
-0.264613
-0.561681
-0.589168
-0.69974
-0.591723
-0.0849704
0.0162733
-0.0702215
-0.440779
-0.383325
-0.576185
-0.644612
-0.718323
-0.284142
0.135173
0.114277
0.119146
2.20443
-0.528361
-0.551161
-0.5758
-0.348107
-0.738734
-0.415223
-0.0148738
0.115979
-0.52788
-0.615792
-0.648845
-0.603572
-0.748727
-0.507481
0.000985931
0.167629
-0.22092
-0.00123925
-0.518881
-0.474933
-0.527131
-0.716178
-0.881905
-0.514746
-0.334729
-0.516322
-0.802658
-0.584684
-0.560953
-0.554446
-0.865924
0.117741
-0.373656
0.0561451
0.144896
-0.01306
-0.528098
-0.478942
-0.0524922
0.0954171
0.388348
-0.541728
-0.723973
-0.686673
1.4223
-0.595626
-0.484778
-0.31528
0.379751
-0.694353
-0.590781
-0.55362
-0.454236
-0.597894
-0.521669
-0.488361
-0.45853
-0.66155
-0.738373
-0.632554
-0.624033
-0.589849
1.20875
-0.565571
-0.590483
-0.546064
-0.720676
-0.416262
-0.620837
-0.724423
-0.727726
-0.126301
-0.478439
-0.266243
-0.488622
-0.403988
0.544984
-0.528401
-0.60317
-0.707451
0.68936
0.793821
1.29794
1.13771
0.580502
-0.648535
-0.621442
-0.655939
-0.623098
-0.582271
-0.560381
-0.572225
-0.553922
-0.616251
-0.153774
-0.584705
-0.578602
-0.581607
-0.00282667
-0.168929
0.514968
-0.1842
-0.129851
-0.950498
